AA 1 0 0 0 0 0 0 0 0 0 0 0 0 0 0 0
AC 0 1 0 0 0 0 0 0 0 0 0 0 0 0 0 0
GT 0 0 0 0 0 0 0 0 0 0 0 1 0 0 0 0
AG 0 0 1 0 0 0 0 0 0 0 0 0 0 0 0 0
CC 0 0 0 0 0 1 0 0 0 0 0 0 0 0 0 0
CA 0 0 0 0 1 0 0 0 0 0 0 0 0 0 0 0
CG 0 0 0 0 0 0 1 0 0 0 0 0 0 0 0 0
TT 0 0 0 0 0 0 0 0 0 0 0 0 0 0 0 1
GG 0 0 0 0 0 0 0 0 0 0 1 0 0 0 0 0
N 0 0 0 0 0 0 0 0 0 0 0 0 0 0 0 0
GC 0 0 0 0 0 0 0 0 0 1 0 0 0 0 0 0
AT 0 0 0 1 0 0 0 0 0 0 0 0 0 0 0 0
GA 0 0 0 0 0 0 0 0 1 0 0 0 0 0 0 0
TG 0 0 0 0 0 0 0 0 0 0 0 0 0 0 1 0
TA 0 0 0 0 0 0 0 0 0 0 0 0 1 0 0 0
TC 0 0 0 0 0 0 0 0 0 0 0 0 0 1 0 0
CT 0 0 0 0 0 0 0 1 0 0 0 0 0 0 0 0
